
Converged in 0.25 seconds
================================================================================
|     System Summary                                                           |
================================================================================

How many?                How much?              P (MW)            Q (MVAr)
---------------------    -------------------  -------------  -----------------
Buses            372     Total Gen Capacity   74400.0       -74400.0 to 74400.0
Generators       372     On-line Capacity     74400.0       -74400.0 to 74400.0
Committed Gens   372     Generation (actual)  74736.6           -2384.3
Loads            372     Load                 74400.0               0.0
  Fixed          372       Fixed              74400.0               0.0
  Dispatchable     0       Dispatchable           0.0 of 0.0        0.0
Shunts             0     Shunt (inj)              0.0               0.0
Branches         576     Losses (I^2 * Z)       336.64           1009.92
Transformers       0     Branch Charging (inj)     -             3394.2
Inter-ties         0     Total Inter-tie Flow     0.0               0.0
Areas              1

                          Minimum                      Maximum
                 -------------------------  --------------------------------
Voltage Magnitude   1.000 p.u. @ bus 4075       1.625 p.u. @ bus 8011
Voltage Angle     -11.17 deg   @ bus 8011       0.00 deg   @ bus 4075
P Losses (I^2*R)             -                 30.43 MW    @ line 3227-8164
Q Losses (I^2*X)             -                 91.30 MVAr  @ line 3227-8164

================================================================================
|     Bus Data                                                                 |
================================================================================
 Bus      Voltage          Generation             Load        
  #   Mag(pu) Ang(deg)   P (MW)   Q (MVAr)   P (MW)   Q (MVAr)
----- ------- --------  --------  --------  --------  --------
 5941  1.253   -5.619    200.00     -0.00    200.00      0.00 
 6343  1.370   -7.521    200.00      0.00    200.00      0.00 
 8123  1.412   -8.285    200.00     -0.00    200.00      0.00 
 6338  1.557  -10.316    200.00      0.00    200.00      0.00 
 6143  1.198   -4.526    200.00      0.00    200.00      0.00 
 7987  1.167   -4.018    200.00      0.00    200.00      0.00 
 6254  1.554  -10.309    200.00     -0.00    200.00      0.00 
 7718  1.510   -9.666    200.00     -0.00    200.00      0.00 
 7806  1.364   -7.459    200.00     -0.00    200.00      0.00 
 6075  1.365   -7.462    200.00      0.00    200.00      0.00 
 5728  1.429   -8.382    200.00     -0.00    200.00      0.00 
 5878  1.133   -3.218    200.00     -0.00    200.00      0.00 
 8157  1.430   -8.399    200.00      0.00    200.00      0.00 
 2359  1.510   -9.755    200.00     -0.00    200.00      0.00 
 7833  1.180   -4.279    200.00     -0.00    200.00      0.00 
 5980  1.425   -8.570    200.00      0.00    200.00      0.00 
 5739  1.619  -11.087    200.00      0.00    200.00      0.00 
 4075  1.000    0.000*   245.01   -292.65    200.00      0.00 
 7956  1.383   -7.769    200.00      0.00    200.00      0.00 
 6071  1.504   -9.578    200.00     -0.00    200.00      0.00 
 7957  1.531   -9.925    200.00      0.00    200.00      0.00 
 7757  1.284   -6.144    200.00      0.00    200.00      0.00 
 7836  1.468   -9.030    200.00      0.00    200.00      0.00 
 5726  1.421   -8.317    200.00     -0.00    200.00      0.00 
 7924  1.499   -9.548    200.00      0.00    200.00      0.00 
 6362  1.525   -9.816    200.00      0.00    200.00      0.00 
 8027  1.129   -3.145    200.00      0.00    200.00      0.00 
 7983  1.525   -9.816    200.00      0.00    200.00      0.00 
 7709  1.532   -9.920    200.00     -0.00    200.00      0.00 
 6283  1.417   -8.348    200.00      0.00    200.00      0.00 
 6247  1.371   -7.534    200.00      0.00    200.00      0.00 
 6285  1.401   -8.104    200.00     -0.00    200.00      0.00 
 7872  1.394   -7.955    200.00     -0.00    200.00      0.00 
 6016  1.491   -9.477    200.00      0.00    200.00      0.00 
 7968  1.254   -5.606    200.00      0.00    200.00      0.00 
 5764  1.423   -8.295    200.00     -0.00    200.00      0.00 
 7786  1.181   -4.210    200.00      0.00    200.00      0.00 
 8119  1.546  -10.160    200.00      0.00    200.00      0.00 
 8065  1.391   -7.976    200.00      0.00    200.00      0.00 
 8110  1.390   -8.057    200.00      0.00    200.00      0.00 
 7761  1.580  -10.593    200.00     -0.00    200.00      0.00 
 6145  1.324   -6.877    200.00      0.00    200.00      0.00 
 5744  1.418   -8.277    200.00      0.00    200.00      0.00 
 8083  1.104   -2.603    200.00     -0.00    200.00      0.00 
 8093  1.366   -7.457    200.00     -0.00    200.00      0.00 
 5940  1.247   -5.533    200.00     -0.00    200.00      0.00 
 7749  1.345   -7.234    200.00      0.00    200.00      0.00 
 7845  1.396   -7.957    200.00     -0.00    200.00      0.00 
 3285  1.000    0.000*   240.55   -288.74    200.00      0.00 
 5863  1.335   -7.004    200.00      0.00    200.00      0.00 
 7651  1.302   -6.554    200.00     -0.00    200.00      0.00 
 5743  1.421   -8.317    200.00     -0.00    200.00      0.00 
 6383  1.131   -3.179    200.00      0.00    200.00      0.00 
 7953  1.536  -10.007    200.00     -0.00    200.00      0.00 
 5753  1.405   -8.050    200.00     -0.00    200.00      0.00 
 6125  1.589  -10.704    200.00     -0.00    200.00      0.00 
 7723  1.430   -8.552    200.00      0.00    200.00      0.00 
 5765  1.429   -8.382    200.00      0.00    200.00      0.00 
 5955  1.301   -6.566    200.00     -0.00    200.00      0.00 
 5962  1.200   -4.680    200.00      0.00    200.00      0.00 
 7716  1.362   -7.492    200.00     -0.00    200.00      0.00 
  279  1.407   -8.085    200.00      0.00    200.00      0.00 
 6042  1.508   -9.630    200.00     -0.00    200.00      0.00 
 6091  1.467   -9.170    200.00     -0.00    200.00      0.00 
 7732  1.583  -10.665    200.00     -0.00    200.00      0.00 
 7735  1.348   -7.270    200.00     -0.00    200.00      0.00 
 8134  1.401   -8.005    200.00      0.00    200.00      0.00 
 7771  1.389   -7.886    200.00     -0.00    200.00      0.00 
 7778  1.378   -7.688    200.00     -0.00    200.00      0.00 
 7863  1.295   -6.376    200.00      0.00    200.00      0.00 
 5842  1.131   -3.186    200.00     -0.00    200.00      0.00 
 7918  1.387   -7.820    200.00      0.00    200.00      0.00 
 7714  1.363   -7.494    200.00      0.00    200.00      0.00 
 8069  1.459   -9.045    200.00     -0.00    200.00      0.00 
 8138  1.480   -9.241    200.00      0.00    200.00      0.00 
 5964  1.306   -6.569    200.00     -0.00    200.00      0.00 
 6107  1.506   -9.634    200.00      0.00    200.00      0.00 
 7985  1.507   -9.651    200.00     -0.00    200.00      0.00 
 6339  1.137   -3.287    200.00     -0.00    200.00      0.00 
 7752  1.349   -7.210    200.00     -0.00    200.00      0.00 
 8131  1.504   -9.567    200.00      0.00    200.00      0.00 
 7921  1.380   -7.699    200.00     -0.00    200.00      0.00 
 8028  1.291   -6.269    200.00     -0.00    200.00      0.00 
 6086  1.393   -7.883    200.00      0.00    200.00      0.00 
 8137  1.382   -7.726    200.00      0.00    200.00      0.00 
 7818  1.293   -6.388    200.00      0.00    200.00      0.00 
 7850  1.143   -3.534    200.00      0.00    200.00      0.00 
 6342  1.363   -7.439    200.00     -0.00    200.00      0.00 
 8191  1.290   -6.299    200.00     -0.00    200.00      0.00 
 7783  1.517   -9.750    200.00      0.00    200.00      0.00 
 8070  1.553  -10.264    200.00      0.00    200.00      0.00 
 6327  1.233   -5.171    200.00      0.00    200.00      0.00 
 8196  1.509   -9.647    200.00      0.00    200.00      0.00 
  247  1.291   -6.316    200.00      0.00    200.00      0.00 
 6040  1.336   -7.075    200.00     -0.00    200.00      0.00 
 7691  1.458   -8.982    200.00      0.00    200.00      0.00 
 5856  1.583  -10.635    200.00     -0.00    200.00      0.00 
 8022  1.519   -9.814    200.00      0.00    200.00      0.00 
 7773  1.550  -10.229    200.00      0.00    200.00      0.00 
 7692  1.219   -5.062    200.00     -0.00    200.00      0.00 
 5742  1.473   -9.256    200.00      0.00    200.00      0.00 
 7970  1.379   -7.682    200.00      0.00    200.00      0.00 
 6282  1.339   -7.141    200.00      0.00    200.00      0.00 
 7994  1.533   -9.937    200.00      0.00    200.00      0.00 
 7790  1.530   -9.930    200.00      0.00    200.00      0.00 
 6142  1.213   -4.800    200.00      0.00    200.00      0.00 
 8182  1.593  -10.757    200.00     -0.00    200.00      0.00 
 5860  1.500   -9.526    200.00      0.00    200.00      0.00 
 8100  1.496   -9.430    200.00      0.00    200.00      0.00 
 6070  1.294   -6.364    200.00      0.00    200.00      0.00 
 5858  1.427   -8.619    200.00      0.00    200.00      0.00 
 7914  1.620  -11.091    200.00     -0.00    200.00      0.00 
 2824  1.510   -9.755    200.00     -0.00    200.00      0.00 
 6160  1.136   -3.269    200.00      0.00    200.00      0.00 
 6151  1.403   -8.271    200.00     -0.00    200.00      0.00 
 7988  1.415   -8.182    200.00      0.00    200.00      0.00 
 7905  1.564  -10.384    200.00     -0.00    200.00      0.00 
 7811  1.494   -9.493    200.00      0.00    200.00      0.00 
 7803  1.566  -10.422    200.00      0.00    200.00      0.00 
 8194  1.346   -7.251    200.00      0.00    200.00      0.00 
 7796  1.358   -7.378    200.00      0.00    200.00      0.00 
 7976  1.534  -10.006    200.00      0.00    200.00      0.00 
 8088  1.378   -7.684    200.00     -0.00    200.00      0.00 
 7831  1.547  -10.224    200.00      0.00    200.00      0.00 
 5999  1.152   -3.678    200.00      0.00    200.00      0.00 
 7942  1.376   -7.645    200.00      0.00    200.00      0.00 
 7827  1.433   -8.605    200.00      0.00    200.00      0.00 
 8098  1.379   -7.705    200.00      0.00    200.00      0.00 
 7672  1.625  -11.161    200.00      0.00    200.00      0.00 
 7678  1.377   -7.646    200.00     -0.00    200.00      0.00 
 6153  1.347   -7.427    200.00      0.00    200.00      0.00 
 7695  1.417   -8.259    200.00     -0.00    200.00      0.00 
 8058  1.348   -7.174    200.00     -0.00    200.00      0.00 
 5820  1.624  -11.144    200.00     -0.00    200.00      0.00 
 8169  1.363   -7.479    200.00     -0.00    200.00      0.00 
 6076  1.355   -7.317    200.00     -0.00    200.00      0.00 
 8146  1.403   -8.016    200.00      0.00    200.00      0.00 
 7967  1.371   -7.538    200.00      0.00    200.00      0.00 
 5927  1.409   -8.145    200.00      0.00    200.00      0.00 
 7847  1.000    0.000*   270.00   -516.79    200.00      0.00 
 8009  1.091   -2.297    200.00     -0.00    200.00      0.00 
 7865  1.349   -7.218    200.00     -0.00    200.00      0.00 
 4963  1.416   -8.200    200.00      0.00    200.00      0.00 
 7946  1.522   -9.782    200.00     -0.00    200.00      0.00 
 7864  1.292   -6.286    200.00      0.00    200.00      0.00 
 7682  1.566  -10.423    200.00      0.00    200.00      0.00 
 7889  1.378   -7.689    200.00     -0.00    200.00      0.00 
 5948  1.292   -6.286    200.00     -0.00    200.00      0.00 
 7719  1.555  -10.281    200.00     -0.00    200.00      0.00 
 5737  1.407   -8.068    200.00      0.00    200.00      0.00 
 7990  1.588  -10.704    200.00     -0.00    200.00      0.00 
 7829  1.090   -2.333    200.00     -0.00    200.00      0.00 
 7677  1.565  -10.456    200.00      0.00    200.00      0.00 
 7927  1.207   -4.634    200.00      0.00    200.00      0.00 
 7802  1.380   -7.717    200.00      0.00    200.00      0.00 
 7799  1.551  -10.241    200.00      0.00    200.00      0.00 
 8043  1.564  -10.384    200.00     -0.00    200.00      0.00 
 7879  1.000    0.000*   232.32   -234.67    200.00      0.00 
 7901  1.146   -3.577    200.00     -0.00    200.00      0.00 
 8102  1.404   -8.052    200.00      0.00    200.00      0.00 
 5740  1.624  -11.150    200.00     -0.00    200.00      0.00 
 8074  1.394   -7.907    200.00     -0.00    200.00      0.00 
 7888  1.492   -9.494    200.00      0.00    200.00      0.00 
 4011  1.395   -7.972    200.00      0.00    200.00      0.00 
 6027  1.581  -10.610    200.00      0.00    200.00      0.00 
 8187  1.143   -3.534    200.00      0.00    200.00      0.00 
 7784  1.557  -10.316    200.00      0.00    200.00      0.00 
 8181  1.354   -7.321    200.00     -0.00    200.00      0.00 
 7962  1.319   -6.737    200.00      0.00    200.00      0.00 
 7853  1.391   -7.850    200.00      0.00    200.00      0.00 
 8164  1.224   -5.299    200.00      0.00    200.00      0.00 
 7798  1.549  -10.212    200.00      0.00    200.00      0.00 
 7852  1.348   -7.213    200.00     -0.00    200.00      0.00 
 7741  1.269   -5.858    200.00     -0.00    200.00      0.00 
 7720  1.383   -7.820    200.00     -0.00    200.00      0.00 
 6082  1.455   -8.942    200.00     -0.00    200.00      0.00 
 8090  1.420   -8.311    200.00     -0.00    200.00      0.00 
 8172  1.559  -10.325    200.00     -0.00    200.00      0.00 
 7875  1.347   -7.279    200.00     -0.00    200.00      0.00 
 6183  1.533   -9.937    200.00      0.00    200.00      0.00 
 5762  1.265   -5.861    200.00      0.00    200.00      0.00 
 8199  1.453   -8.867    200.00     -0.00    200.00      0.00 
 7859  1.226   -5.155    200.00      0.00    200.00      0.00 
 8072  1.591  -10.757    200.00     -0.00    200.00      0.00 
 7766  1.000    0.000*   242.51   -316.00    200.00      0.00 
 7797  1.362   -7.462    200.00      0.00    200.00      0.00 
 8179  1.446   -8.889    200.00     -0.00    200.00      0.00 
 6147  1.503   -9.629    200.00     -0.00    200.00      0.00 
 7706  1.246   -5.666    200.00      0.00    200.00      0.00 
 3701  1.550  -10.229    200.00      0.00    200.00      0.00 
 3475  1.395   -7.972    200.00      0.00    200.00      0.00 
 6110  1.349   -7.218    200.00     -0.00    200.00      0.00 
 7996  1.604  -10.900    200.00     -0.00    200.00      0.00 
 5934  1.558  -10.301    200.00      0.00    200.00      0.00 
 8167  1.313   -6.688    200.00      0.00    200.00      0.00 
 5989  1.533   -9.981    200.00     -0.00    200.00      0.00 
 8004  1.587  -10.716    200.00      0.00    200.00      0.00 
 1978  1.000    0.000*   229.34   -223.14    200.00      0.00 
 8200  1.588  -10.718    200.00      0.00    200.00      0.00 
 7679  1.568  -10.476    200.00     -0.00    200.00      0.00 
 7660  1.578  -10.570    200.00     -0.00    200.00      0.00 
 7971  1.428   -8.636    200.00     -0.00    200.00      0.00 
 7911  1.140   -3.441    200.00      0.00    200.00      0.00 
 7650  1.182   -4.227    200.00     -0.00    200.00      0.00 
 8144  1.464   -9.135    200.00      0.00    200.00      0.00 
 7973  1.586  -10.668    200.00      0.00    200.00      0.00 
 2490  1.181   -4.296    200.00      0.00    200.00      0.00 
 7745  1.333   -6.952    200.00     -0.00    200.00      0.00 
 7919  1.430   -8.399    200.00      0.00    200.00      0.00 
 7909  1.371   -7.571    200.00      0.00    200.00      0.00 
 6468  1.360   -7.366    200.00     -0.00    200.00      0.00 
 1648  1.416   -8.200    200.00      0.00    200.00      0.00 
 6394  1.205   -4.641    200.00      0.00    200.00      0.00 
 7979  1.259   -5.682    200.00     -0.00    200.00      0.00 
 6039  1.255   -5.680    200.00     -0.00    200.00      0.00 
 7779  1.405   -8.069    200.00     -0.00    200.00      0.00 
 7694  1.588  -10.734    200.00      0.00    200.00      0.00 
 6048  1.535   -9.990    200.00     -0.00    200.00      0.00 
 7788  1.570  -10.508    200.00     -0.00    200.00      0.00 
 6034  1.329   -7.002    200.00      0.00    200.00      0.00 
 7711  1.190   -4.356    200.00     -0.00    200.00      0.00 
 7775  1.484   -9.394    200.00      0.00    200.00      0.00 
 8032  1.379   -7.705    200.00      0.00    200.00      0.00 
 7782  1.376   -7.712    200.00     -0.00    200.00      0.00 
 6493  1.268   -5.779    200.00     -0.00    200.00      0.00 
 6192  1.520   -9.824    200.00     -0.00    200.00      0.00 
 7886  1.586  -10.701    200.00     -0.00    200.00      0.00 
 6501  1.410   -8.145    200.00      0.00    200.00      0.00 
 6069  1.276   -6.044    200.00     -0.00    200.00      0.00 
 3645  1.198   -4.478    200.00      0.00    200.00      0.00 
 7764  1.571  -10.525    200.00      0.00    200.00      0.00 
 7739  1.540  -10.058    200.00     -0.00    200.00      0.00 
 5736  1.556  -10.298    200.00      0.00    200.00      0.00 
 7819  1.328   -6.972    200.00      0.00    200.00      0.00 
 7903  1.452   -8.936    200.00      0.00    200.00      0.00 
 3004  1.407   -8.085    200.00      0.00    200.00      0.00 
 8087  1.376   -7.875    200.00      0.00    200.00      0.00 
 5738  1.405   -8.050    200.00      0.00    200.00      0.00 
 6159  1.311   -6.640    200.00     -0.00    200.00      0.00 
 4854  1.181   -4.296    200.00      0.00    200.00      0.00 
 6367  1.352   -7.240    200.00      0.00    200.00      0.00 
 6352  1.412   -8.149    200.00     -0.00    200.00      0.00 
 7738  1.540  -10.058    200.00     -0.00    200.00      0.00 
 7944  1.524   -9.799    200.00      0.00    200.00      0.00 
 7894  1.407   -8.103    200.00     -0.00    200.00      0.00 
 8205  1.000    0.000*   216.91   -125.38    200.00      0.00 
 7913  1.618  -11.074    200.00      0.00    200.00      0.00 
 7654  1.052   -1.383    200.00     -0.00    200.00      0.00 
 8178  1.132   -3.197    200.00      0.00    200.00      0.00 
 8176  1.530   -9.920    200.00      0.00    200.00      0.00 
 7814  1.586  -10.669    200.00      0.00    200.00      0.00 
 7878  1.066   -1.751    200.00      0.00    200.00      0.00 
 7882  1.285   -6.315    200.00      0.00    200.00      0.00 
 7876  1.315   -6.924    200.00      0.00    200.00      0.00 
 8140  1.395   -7.909    200.00     -0.00    200.00      0.00 
 8143  1.475   -9.273    200.00     -0.00    200.00      0.00 
 7670  1.375   -7.647    200.00     -0.00    200.00      0.00 
 8060  1.287   -6.332    200.00      0.00    200.00      0.00 
 8024  1.072   -1.885    200.00      0.00    200.00      0.00 
 7822  1.207   -4.804    200.00     -0.00    200.00      0.00 
 8175  1.543  -10.094    200.00     -0.00    200.00      0.00 
 6140  1.444   -8.746    200.00     -0.00    200.00      0.00 
 2195  1.280   -5.979    200.00     -0.00    200.00      0.00 
 5953  1.397   -7.958    200.00     -0.00    200.00      0.00 
 3227  1.000    0.000*   260.01   -386.93    200.00      0.00 
 8195  1.313   -6.688    200.00      0.00    200.00      0.00 
  546  1.280   -5.979    200.00     -0.00    200.00      0.00 
 6242  1.563  -10.425    200.00     -0.00    200.00      0.00 
 5896  1.394   -7.910    200.00      0.00    200.00      0.00 
 8125  1.343   -7.167    200.00      0.00    200.00      0.00 
 7722  1.570  -10.508    200.00     -0.00    200.00      0.00 
 7809  1.432   -8.588    200.00     -0.00    200.00      0.00 
 7978  1.254   -5.636    200.00     -0.00    200.00      0.00 
 7699  1.507   -9.651    200.00     -0.00    200.00      0.00 
 8192  1.360   -7.418    200.00     -0.00    200.00      0.00 
 7747  1.349   -7.192    200.00     -0.00    200.00      0.00 
 7943  1.366   -7.689    200.00     -0.00    200.00      0.00 
 2294  1.130   -3.162    200.00      0.00    200.00      0.00 
 8189  1.587  -10.716    200.00     -0.00    200.00      0.00 
 8048  1.265   -5.859    200.00      0.00    200.00      0.00 
 7949  1.542  -10.077    200.00      0.00    200.00      0.00 
 8011  1.625  -11.167    200.00      0.00    200.00      0.00 
 5914  1.587  -10.679    200.00      0.00    200.00      0.00 
 7729  1.575  -10.578    200.00     -0.00    200.00      0.00 
 5917  1.592  -10.740    200.00      0.00    200.00      0.00 
 8099  1.411   -8.162    200.00     -0.00    200.00      0.00 
 6390  1.194   -4.445    200.00      0.00    200.00      0.00 
 7776  1.389   -7.835    200.00      0.00    200.00      0.00 
 6241  1.566  -10.458    200.00      0.00    200.00      0.00 
  200  1.287   -6.203    200.00     -0.00    200.00      0.00 
 8067  1.586  -10.687    200.00      0.00    200.00      0.00 
 7708  1.284   -6.048    200.00     -0.00    200.00      0.00 
 7952  1.594  -10.778    200.00      0.00    200.00      0.00 
 5795  1.553  -10.258    200.00     -0.00    200.00      0.00 
 7743  1.468   -9.131    200.00      0.00    200.00      0.00 
 7751  1.348   -7.211    200.00     -0.00    200.00      0.00 
 7954  1.446   -8.763    200.00      0.00    200.00      0.00 
 7989  1.107   -2.714    200.00     -0.00    200.00      0.00 
 7935  1.519   -9.765    200.00      0.00    200.00      0.00 
 8005  1.270   -5.875    200.00     -0.00    200.00      0.00 
 8019  1.209   -4.822    200.00      0.00    200.00      0.00 
 8006  1.208   -4.785    200.00      0.00    200.00      0.00 
 7740  1.476   -9.202    200.00      0.00    200.00      0.00 
 7904  1.001   -0.017    200.00      0.00    200.00      0.00 
 6019  1.232   -5.268    200.00      0.00    200.00      0.00 
 8016  1.294   -6.359    200.00     -0.00    200.00      0.00 
 8117  1.312   -6.671    200.00     -0.00    200.00      0.00 
 8207  1.073   -1.927    200.00      0.00    200.00      0.00 
 7801  1.520   -9.829    200.00      0.00    200.00      0.00 
 2194  1.283   -6.031    200.00      0.00    200.00      0.00 
 7923  1.372   -7.571    200.00      0.00    200.00      0.00 
 7981  1.340   -7.272    200.00     -0.00    200.00      0.00 
 6141  1.590  -10.711    200.00      0.00    200.00      0.00 
 5817  1.345   -7.236    200.00      0.00    200.00      0.00 
 5854  1.164   -3.900    200.00      0.00    200.00      0.00 
 7662  1.557  -10.307    200.00      0.00    200.00      0.00 
  816  1.388   -7.838    200.00     -0.00    200.00      0.00 
 7697  1.255   -5.727    200.00      0.00    200.00      0.00 
 3647  1.206   -4.617    200.00     -0.00    200.00      0.00 
 7824  1.389   -7.822    200.00     -0.00    200.00      0.00 
 7657  1.241   -5.462    200.00     -0.00    200.00      0.00 
 7993  1.463   -9.118    200.00      0.00    200.00      0.00 
 7958  1.537  -10.018    200.00      0.00    200.00      0.00 
 7787  1.375   -7.631    200.00     -0.00    200.00      0.00 
 7664  1.542  -10.121    200.00     -0.00    200.00      0.00 
 5905  1.592  -10.748    200.00     -0.00    200.00      0.00 
 6174  1.604  -10.913    200.00      0.00    200.00      0.00 
 7912  1.203   -4.565    200.00      0.00    200.00      0.00 
  545  1.283   -6.031    200.00      0.00    200.00      0.00 
 7684  1.406   -8.068    200.00     -0.00    200.00      0.00 
 6037  1.487   -9.370    200.00     -0.00    200.00      0.00 
 8007  1.588  -10.687    200.00      0.00    200.00      0.00 
 8025  1.130   -3.162    200.00      0.00    200.00      0.00 
 8104  1.444   -8.796    200.00      0.00    200.00      0.00 
 7854  1.218   -4.940    200.00     -0.00    200.00      0.00 
 8154  1.504   -9.618    200.00      0.00    200.00      0.00 
 8174  1.477   -9.220    200.00     -0.00    200.00      0.00 
 7753  1.349   -7.192    200.00     -0.00    200.00      0.00 
 6259  1.473   -9.175    200.00      0.00    200.00      0.00 
 7950  1.543  -10.094    200.00     -0.00    200.00      0.00 
 7689  1.411   -8.134    200.00      0.00    200.00      0.00 
 7843  1.509   -9.738    200.00      0.00    200.00      0.00 
 7964  1.373   -7.630    200.00     -0.00    200.00      0.00 
 6049  1.624  -11.144    200.00     -0.00    200.00      0.00 
 8076  1.388   -7.869    200.00      0.00    200.00      0.00 
 8092  1.370   -7.513    200.00     -0.00    200.00      0.00 
 8014  1.169   -4.182    200.00      0.00    200.00      0.00 
 8145  1.595  -10.795    200.00     -0.00    200.00      0.00 
 8112  1.327   -6.992    200.00      0.00    200.00      0.00 
 6108  1.346   -7.244    200.00     -0.00    200.00      0.00 
 8055  1.588  -10.695    200.00     -0.00    200.00      0.00 
 8085  1.234   -5.235    200.00     -0.00    200.00      0.00 
 5855  1.572  -10.487    200.00      0.00    200.00      0.00 
 5783  1.072   -1.868    200.00      0.00    200.00      0.00 
 7939  1.339   -7.066    200.00      0.00    200.00      0.00 
 8050  1.588  -10.689    200.00      0.00    200.00      0.00 
 7675  1.130   -3.176    200.00     -0.00    200.00      0.00 
 7707  1.397   -8.052    200.00      0.00    200.00      0.00 
 7737  1.347   -7.290    200.00     -0.00    200.00      0.00 
 6330  1.252   -5.497    200.00      0.00    200.00      0.00 
 7857  1.246   -5.469    200.00     -0.00    200.00      0.00 
 5915  1.588  -10.688    200.00      0.00    200.00      0.00 
 7653  1.274   -5.893    200.00     -0.00    200.00      0.00 
 7791  1.379   -7.682    200.00      0.00    200.00      0.00 
 8126  1.445   -8.694    200.00     -0.00    200.00      0.00 
 7861  1.180   -4.197    200.00      0.00    200.00      0.00 
 7712  1.494   -9.454    200.00     -0.00    200.00      0.00 
 7965  1.347   -7.269    200.00      0.00    200.00      0.00 
 7792  1.358   -7.369    200.00     -0.00    200.00      0.00 
 8147  1.411   -8.131    200.00     -0.00    200.00      0.00 
 7860  1.376   -7.648    200.00      0.00    200.00      0.00 
 8061  1.410   -8.118    200.00     -0.00    200.00      0.00 
                        --------  --------  --------  --------
               Total:  74736.64  -2384.31  74400.00      0.00

================================================================================
|     Branch Data                                                              |
================================================================================
Brnch   From   To    From Bus Injection   To Bus Injection     Loss (I^2 * Z)  
  #     Bus    Bus    P (MW)   Q (MVAr)   P (MW)   Q (MVAr)   P (MW)   Q (MVAr)
-----  -----  -----  --------  --------  --------  --------  --------  --------
   0   8117   8125      2.09    -72.60     -1.52     69.03     0.571      1.71
   1   7751   8048     -4.04    186.21      7.97   -179.54     3.931     11.79
   2   7689   8147     -0.15     -2.93      0.15     -3.05     0.000      0.00
   3   7886   7831      0.65    100.17      0.21   -104.96     0.859      2.58
   4   8140   8137     -0.29     27.06      0.38    -32.56     0.092      0.28
   5   8146   8140      0.10     15.54     -0.07    -21.31     0.035      0.10
   6   7747   8058     -0.00     -0.00      0.00     -5.45     0.001      0.00
   7   7811   8154      0.20    -27.36     -0.15     20.77     0.052      0.15
   8   8022   8154     -0.17     35.07      0.30    -41.54     0.129      0.39
   9   7964   8125     -1.63     66.81      2.14    -70.80     0.514      1.54
  10   7766   8009     20.63   -158.18    -15.64    169.88     4.995     14.98
  11   7833   4854      0.00     -4.18      0.00      0.00     0.001      0.00
  12   8058   7747      0.00     -5.45     -0.00     -0.00     0.001      0.00
  13   6075   7923      0.55    -18.91     -0.53     13.38     0.028      0.08
  14   7749   7875      0.39     -8.73     -0.38      3.31     0.004      0.01
  15   6091   7993     -0.01      6.48      0.02    -12.89     0.009      0.03
  16   6147   6192     -0.59    -44.09      0.73     37.67     0.147      0.44
  17   7692   7818      9.72   -155.44     -6.54    160.23     3.174      9.52
  18   8006   7857      3.70    -80.99     -2.85     79.03     0.853      2.56
  19   7783   7718      0.25     13.97     -0.22    -20.77     0.026      0.08
  20   7782   7964     -1.95      4.83      1.96    -10.48     0.007      0.02
  21   7879   7904      0.00     -3.00      0.00      0.00     0.000      0.00
  22   5914   7761     -0.02     14.94      0.05    -22.38     0.028      0.08
  23   7989   7878     -7.14     75.89      8.13    -76.45     0.995      2.99
  24   7859   7657      2.47    -35.57     -2.32     31.45     0.149      0.45
  25   7876   8164     -8.46    200.28     13.23   -190.83     4.767     14.30
  26   6338   5736      0.00      0.00      0.00     -7.27     0.001      0.00
  27   6242   7677      0.04    -10.18     -0.03      2.85     0.003      0.01
  28   8140   7684      0.38    -28.88     -0.31     23.20     0.069      0.21
  29   7993   7876     -1.96    359.22     14.24   -328.19    12.280     36.84
  30   7845   7889     -0.90     39.37      1.09    -44.59     0.184      0.55
  31   6468   8093      0.36    -16.45     -0.33     10.93     0.020      0.06
  32   5740   8011      0.00     -7.92     -0.00      0.00     0.001      0.00
  33   7811   7664      2.15   -123.22     -0.86    120.16     1.287      3.86
  34   7818   7819      3.27    -80.12     -2.55     77.13     0.722      2.17
  35   7706   7882      2.60    -85.24     -1.72     83.09     0.886      2.66
  36   7903   7993      2.65    -28.88     -2.58     22.70     0.063      0.19
  37   7879   7878     16.16   -115.84    -13.49    120.63     2.667      8.00
  38   7833   8048     12.12   -171.59     -7.97    179.54     4.147     12.44
  39   7996   8067     -0.32     42.40      0.48    -49.54     0.166      0.50
  40   8027   5854      6.44    -69.19     -5.72     67.40     0.717      2.15
  41   8074   7751     -2.28    104.32      3.46   -106.40     1.185      3.55
  42   6082   8104     -0.20     22.82      0.27    -28.93     0.064      0.19
  43   6082   8104     -0.20     22.82      0.27    -28.93     0.064      0.19
  44   8102   8074     -0.47     20.52      0.52    -26.22     0.056      0.17
  45   8192   7964      0.93    -34.46     -0.82     29.19     0.109      0.33
  46   7737   7651     -3.39     99.90      4.55   -101.68     1.161      3.48
  47   7822   7911     -8.31    136.69     10.97   -132.86     2.655      7.97
  48   8189   7732     -0.00      7.56      0.01    -15.06     0.010      0.03
  49   7729   7732      0.04    -22.46     -0.01     15.06     0.028      0.08
  50   5955   7882     -0.72     31.99      0.86    -36.58     0.141      0.42
  51   7796   5964     -2.35    115.41      3.86   -116.19     1.516      4.55
  52   8085   7786     -6.52    108.43      8.14   -107.95     1.616      4.85
  53   7735   6108     -0.07      1.10      0.07     -6.54     0.002      0.00
  54   6108   7735      0.07     -6.54     -0.07      1.10     0.002      0.00
  55   7737   5817     -0.74      3.60      0.75     -9.02     0.004      0.01
  56   6330   6327     -1.78     36.18      1.97    -40.24     0.190      0.57
  57   5878   6160      0.01     -7.72     -0.00      3.87     0.005      0.02
  58   6145   6040      1.62    -28.36     -1.54     23.28     0.076      0.23
  59   6049   7672      0.00     -7.91      0.00      0.00     0.001      0.00
  60   6108   6282     -0.14     13.07      0.17    -18.39     0.028      0.08
  61   6039   6069      2.32    -46.32     -2.07     42.25     0.246      0.74
  62   7776   8137     -0.43     14.13      0.46    -19.80     0.030      0.09
  63   6142   6143     -1.32     28.60      1.45    -32.58     0.129      0.39
  64   6142   6394     -0.89     15.42      0.93    -19.67     0.042      0.13
  65   7790   7718     -0.83     47.15      1.05    -53.43     0.219      0.66
  66   5817   7737      0.75     -9.02     -0.74      3.60     0.004      0.01
  67   7716   7720      1.93    -50.82     -1.68     45.92     0.249      0.75
  68   6159   6145      1.73    -33.24     -1.62     28.36     0.110      0.33
  69   6076   7865     -0.30     12.15      0.33    -17.56     0.024      0.07
  70   8090   5726     -0.21     -4.69      0.21     -1.36     0.000      0.00
  71   8090   5743     -0.21     -4.69      0.21     -1.36     0.000      0.00
  72   5856   5905      0.88    -25.90     -0.84     18.46     0.039      0.12
  73   5739   5820     -0.10    -17.37      0.12      9.53     0.014      0.04
  74   5739   5740     -0.04    -18.54      0.06     10.70     0.016      0.05
  75   5989   6048     -0.41     -6.52      0.41     -0.54     0.001      0.00
  76   8090   5743     -0.21     -4.69      0.21     -1.36     0.000      0.00
  77   6125   5914     -0.03      1.61      0.03     -9.17     0.002      0.01
  78   5915   5917      0.01    -15.16     -0.00      7.61     0.010      0.03
  79   5914   5915     -0.00     -5.77      0.00     -1.78     0.000      0.00
  80   8191   5762     -2.45     52.55      2.81    -56.35     0.365      1.10
  81   8119   7976     -0.19     27.83      0.27    -34.70     0.083      0.25
  82   5737   5738     -0.00     -0.00      0.00     -5.93     0.001      0.00
  83   7771   8076     -0.00     -0.00      0.00     -5.78     0.001      0.00
  84   6071   5860     -0.01      6.80      0.01    -13.53     0.009      0.03
  85   5762   8191      2.81    -56.35     -2.45     52.55     0.365      1.10
  86   7749   8194      0.00     -5.43      0.00      0.00     0.001      0.00
  87   7882   5955      0.86    -36.58     -0.72     31.99     0.141      0.42
  88   7650   7786      0.00     -0.00      0.00     -4.19     0.001      0.00
  89   7678   8137      0.46    -14.77     -0.44      9.10     0.015      0.05
  90   7968    200      4.20    -73.80     -3.55     70.91     0.652      1.95
  91   8131   7836     -3.38     89.92      4.15    -94.24     0.770      2.31
  92   7953   6048     -0.00     -0.00      0.00     -7.07     0.001      0.00
  93   6110   6076      0.33    -17.56     -0.30     12.15     0.024      0.07
  94   6192   5989     -0.73    -37.67      0.84     30.98     0.101      0.30
  95   5964   7796      3.86   -116.19     -2.35    115.41     1.516      4.55
  96   5940   5941      0.02    -14.06     -0.00      9.43     0.018      0.05
  97   5743   5744     -0.42      2.72      0.42     -8.76     0.003      0.01
  98   6174   7886      0.03     43.33      0.15    -50.45     0.173      0.52
  99   7876   8164     -8.46    200.28     13.23   -190.83     4.767     14.30
 100   7706   8164     -1.30     42.62      1.56    -46.41     0.260      0.78
 101   8088   7942     -0.51      2.06      0.51     -7.75     0.003      0.01
 102   8179   5858     -0.69     43.37      0.90    -48.94     0.207      0.62
 103   8022   7976      0.40    -41.32     -0.27     34.70     0.124      0.37
 104   5742   8143      0.00     -6.51      0.00     -0.00     0.001      0.00
 105   5999   8083     -7.63     94.39      9.04    -93.98     1.408      4.23
 106   6147   7775      0.59     44.09     -0.39    -50.18     0.199      0.60
 107   7761   5915      0.05    -24.37     -0.02     16.94     0.034      0.10
 108   5728   8157      0.00     -6.13     -0.00      0.00     0.001      0.00
 109   8083   7847    -17.49    196.26     23.99   -180.10     6.495     19.48
 110   5940   5999     -9.98    200.33     15.27   -188.78     5.292     15.88
 111   6285   7720     -1.48     40.69      1.68    -45.92     0.194      0.58
 112   7776   5896      0.43    -14.13     -0.42      8.36     0.013      0.04
 113   6107   7924     -0.00     13.61      0.03    -20.31     0.026      0.08
 114   6142   6327      2.20    -44.02     -1.97     40.24     0.238      0.71
 115   8050   6141      0.01     -8.61     -0.01      1.04     0.002      0.01
 116   6143   7786     -1.45     32.58      1.61    -36.32     0.168      0.50
 117   6501   8102     -0.45     11.69      0.47    -17.56     0.022      0.07
 118   5896   6086     -0.28      0.72      0.28     -6.54     0.001      0.00
 119   6039   6019     -2.32     46.32      2.62    -50.06     0.301      0.90
 120   6107   7985      0.00     -6.81     -0.00     -0.00     0.001      0.00
 121   6040   5817      1.54    -23.28     -1.49     18.04     0.048      0.14
 122   6037   5860      0.11    -33.51     -0.03     27.07     0.082      0.25
 123   7678   5863     -1.79     94.67      2.80    -97.17     1.003      3.01
 124   6141   6125      0.02     -2.08     -0.02     -5.49     0.000      0.00
 125   5860   6071      0.01    -13.53     -0.01      6.80     0.009      0.03
 126   5863   7678      2.80    -97.17     -1.79     94.67     1.003      3.01
 127   5820   5740      0.06     -5.12     -0.06     -2.79     0.000      0.00
 128   5842   5878      0.00     -5.39     -0.00      1.55     0.002      0.01
 129   6160   6339      0.00     -3.87     -0.00     -0.00     0.001      0.00
 130   5855   5856      0.95    -33.16     -0.88     25.90     0.070      0.21
 131   6501   5744      0.89    -23.38     -0.85     17.51     0.042      0.13
 132   7973   7660     -0.18     17.21      0.21    -24.61     0.035      0.11
 133   6034   7749      0.77    -36.54     -0.64     31.56     0.130      0.39
 134   8199   6140     -0.45     17.81      0.49    -23.98     0.042      0.13
 135   7978   5941     -0.00     -0.00      0.00     -4.71     0.001      0.00
 136   5927   8099      0.00     -5.96     -0.00     -0.00     0.001      0.00
 137   5934   5855      1.06    -40.18     -0.95     33.16     0.110      0.33
 138   5941   7978      0.00     -4.71     -0.00     -0.00     0.001      0.00
 139   6342   6343     -0.30    -17.09      0.33     11.56     0.022      0.07
 140   7761   6027      0.00     -7.49      0.00      0.00     0.001      0.00
 141   6501   8102     -0.45     11.69      0.47    -17.56     0.022      0.07
 142   6242   6254     -0.06     20.78      0.10    -27.91     0.049      0.15
 143   6283   6285     -1.34     35.17      1.48    -40.69     0.145      0.44
 144   6091   5742      0.03    -19.44     -0.00     13.03     0.024      0.07
 145   7677   6241     -0.02     -4.09      0.02     -3.26     0.000      0.00
 146   7968   7854     -4.20     73.80      4.94    -76.16     0.740      2.22
 147   5858   7971      0.00     -6.11     -0.00     -0.00     0.001      0.00
 148   6037   6259     -0.11     33.51      0.23    -39.72     0.123      0.37
 149   5764   5765      0.02    -18.29     -0.00     12.26     0.023      0.07
 150   6070   6159      1.88    -37.88     -1.73     33.24     0.150      0.45
 151   8157   5728     -0.00      0.00      0.00     -6.13     0.001      0.00
 152   7761   6027      0.00     -7.49      0.00      0.00     0.001      0.00
 153   7958   7949      0.46    -14.28     -0.45      7.20     0.010      0.03
 154   2194   2195     -0.00      4.94      0.01     -9.85     0.007      0.02
 155   6330   6493      1.78    -36.18     -1.63     31.86     0.147      0.44
 156   8143   5742      0.00     -0.00      0.00     -6.51     0.001      0.00
 157   6034   5955     -0.99     60.12      1.43    -63.98     0.446      1.34
 158   6394   6390     -0.93     19.67      1.00    -23.79     0.066      0.20
 159   3285   7987     40.55   -288.74    -23.72    335.69    16.830     50.49
 160   6075   6076     -0.55     18.91      0.60    -24.31     0.051      0.15
 161   6071   6042      0.01    -13.60     -0.00      6.82     0.009      0.03
 162   6493   7653      0.81    -15.93     -0.79     11.15     0.023      0.07
 163    545    546     -0.00      4.94      0.01     -9.85     0.007      0.02
 164   7784   5736      0.00      0.00      0.00     -7.27     0.001      0.00
 165   7901   5962      8.82   -107.80     -7.10    108.82     1.719      5.16
 166   6282   6034     -0.17     18.39      0.22    -23.58     0.050      0.15
 167   6069   6070      2.07    -42.25     -1.88     37.88     0.195      0.59
 168   6049   5820      0.18     -3.50     -0.18     -4.40     0.000      0.00
 169   5896   5953      0.71     -9.07     -0.70      3.24     0.004      0.01
 170   5764   5728      0.02    -18.29     -0.00     12.26     0.023      0.07
 171   5863   5940     -5.60    194.35      9.96   -186.27     4.361     13.08
 172   5964   5962     -7.73    232.37     14.21   -217.65     6.481     19.44
 173   5726   5744     -0.42      2.72      0.42     -8.76     0.003      0.01
 174   7919   5765      0.00      0.00      0.00     -6.13     0.001      0.00
 175   7761   7660      0.02      1.39     -0.01     -8.87     0.002      0.01
 176   5927   8074     -1.20     34.32      1.34    -39.79     0.140      0.42
 177   6016   5980     -1.22    161.14      3.66   -160.22     2.434      7.30
 178   6241   6242     -0.02      3.26      0.02    -10.59     0.004      0.01
 179   6367   6468      0.40    -21.84     -0.36     16.45     0.040      0.12
 180   7792   7787      1.24    -41.63     -1.07     36.51     0.164      0.49
 181   6151   5858      1.23    -60.06     -0.90     55.05     0.332      1.00
 182   7954   6140      0.00      0.00      0.00     -6.26     0.001      0.00
 183   6342   8181      0.30     17.09     -0.26    -22.51     0.043      0.13
 184   7653   6493     -0.79     11.15      0.81    -15.93     0.023      0.07
 185   6390   7786     -1.00     23.79      1.09    -27.74     0.094      0.28
 186   5764   7684     -0.05     36.58      0.20    -42.12     0.155      0.47
 187    279   7684      0.00      0.00      0.00     -5.93     0.001      0.00
 188   3004   7684      0.00      0.00      0.00     -5.93     0.001      0.00
 189   6107   7699      0.00     -6.81     -0.00     -0.00     0.001      0.00
 190   7711   3645      0.05    -17.16     -0.02     12.98     0.032      0.10
 191   6183   7709     -0.00      0.00      0.00     -7.04     0.001      0.00
 192   6183   7709     -0.00      0.00      0.00     -7.04     0.001      0.00
 193   7723   6140      0.60    -36.12     -0.49     30.24     0.107      0.32
 194   6027   7761      0.00      0.00      0.00     -7.49     0.001      0.00
 195   7798   6016      0.66    146.50      1.22   -147.80     1.878      5.63
 196   7798   7799      0.00     -9.61     -0.00      2.41     0.003      0.01
 197   7798   7799      0.00     -9.61     -0.00      2.41     0.003      0.01
 198   7798   7799      0.00     -9.61     -0.00      2.41     0.003      0.01
 199   5795   7799     -0.00     -0.00      0.00     -7.22     0.001      0.00
 200   7662   8172      0.00     -7.28      0.00     -0.00     0.001      0.00
 201   5737   5753     -0.00      0.00      0.00     -5.93     0.001      0.00
 202   5962   7901     -7.10    108.82      8.82   -107.80     1.719      5.16
 203   7876   6153      2.68    -72.38     -2.12     68.75     0.564      1.69
 204   7822   6019      2.98    -53.44     -2.62     50.06     0.362      1.08
 205   7831   6254      0.08    -21.09     -0.05     13.96     0.026      0.08
 206   7831   6254      0.08    -21.09     -0.05     13.96     0.026      0.08
 207   7809   7827      0.00     -6.15      0.00      0.00     0.001      0.00
 208   7824   6086      0.29    -12.31     -0.28      6.54     0.009      0.03
 209   6016   7888      0.00     -6.67     -0.00      0.00     0.001      0.00
 210   7845   5953     -0.35     -4.23      0.35     -1.62     0.000      0.00
 211   6259   6082     -0.23     39.72      0.40    -45.63     0.170      0.51
 212   5953   7845      0.35     -1.62     -0.35     -4.23     0.000      0.00
 213   7913   7914      0.00     -7.86     -0.00     -0.00     0.001      0.00
 214   7861   7854      5.77    -77.98     -4.94     76.16     0.832      2.49
 215   7675   7861      7.36    -98.77     -5.88     99.19     1.478      4.43
 216   6110   7865      0.00     -2.73      0.00     -2.73    -0.000      0.00
 217   7875   7737      0.38     -3.31     -0.38     -2.14     0.000      0.00
 218   6016   7888      0.00     -6.67     -0.00      0.00     0.001      0.00
 219   5765   7919      0.00     -6.13      0.00      0.00     0.001      0.00
 220   5783   7911     13.78   -128.09    -10.97    132.86     2.815      8.44
 221   3647   7912     -0.00      4.37      0.01     -8.70     0.006      0.02
 222   3645   7912      0.02    -12.98     -0.01      8.70     0.016      0.05
 223   7913   7914      0.00     -7.86     -0.00     -0.00     0.001      0.00
 224   7939   6110      0.38    -25.54     -0.33     20.29     0.058      0.17
 225   7946   6362      0.00    -10.44      0.00      3.49     0.004      0.01
 226   7949   5934      1.21    -46.91     -1.06     40.18     0.158      0.47
 227   5905   7952      0.42     -9.23     -0.42      1.63     0.002      0.01
 228   5905   7952      0.42     -9.23     -0.42      1.63     0.002      0.01
 229   7962   7852      2.98    -67.51     -2.50     63.64     0.486      1.46
 230   7863   8016      0.00      0.00      0.00     -5.03     0.001      0.00
 231   7993   6091      0.02    -12.89     -0.01      6.48     0.009      0.03
 232   6091   7993     -0.01      6.48      0.02    -12.89     0.009      0.03
 233   5783   8024      0.00     -3.45      0.00      0.00     0.001      0.00
 234   8006   7987     -3.70     80.99      4.65    -82.37     0.951      2.85
 235   7956   7802     -0.00      5.75      0.01    -11.46     0.008      0.02
 236   8087   6153     -1.64     64.64      2.12    -68.75     0.481      1.44
 237   8027   5842      0.01     -6.52     -0.00      2.69     0.003      0.01
 238   8027   5854      6.44    -69.19     -5.72     67.40     0.717      2.15
 239   7786   8009    -10.85    180.38     15.64   -169.88     4.791     14.37
 240   8022   7976      0.40    -41.32     -0.27     34.70     0.124      0.37
 241   5948   8028      0.00     -0.00      0.00     -5.00     0.001      0.00
 242   8027   5854      6.44    -69.19     -5.72     67.40     0.717      2.15
 243   8027   5878      0.01     -9.98     -0.00      6.17     0.010      0.03
 244   8027   5842      0.01     -6.52     -0.00      2.69     0.003      0.01
 245   8027   6383      0.00     -5.74     -0.00      1.92     0.002      0.01
 246   6383   8027     -0.00      1.92      0.00     -5.74     0.002      0.01
 247   8028   5948      0.00     -5.00      0.00     -0.00     0.001      0.00
 248   5948   8028      0.00     -0.00      0.00     -5.00     0.001      0.00
 249   5948   8028      0.00     -0.00      0.00     -5.00     0.001      0.00
 250   6367   8058     -0.13      7.28      0.14    -12.71     0.011      0.03
 251   6367   8058     -0.13      7.28      0.14    -12.71     0.011      0.03
 252   8058   6367      0.14    -12.71     -0.13      7.28     0.011      0.03
 253   8060   7882     -0.00      0.00      0.00     -4.96     0.001      0.00
 254   7882   8060      0.00     -4.96     -0.00      0.00     0.001      0.00
 255   7790   6048      0.42    -14.62     -0.41      7.61     0.011      0.03
 256   7993   8144      0.00     -6.42     -0.00      0.00     0.001      0.00
 257   8083   7675      4.09    -51.88     -3.68     49.38     0.414      1.24
 258   7757   8085     -5.04    108.13      6.52   -108.43     1.486      4.46
 259   8083   7675      4.09    -51.88     -3.68     49.38     0.414      1.24
 260   8090   5726     -0.21     -4.69      0.21     -1.36     0.000      0.00
 261   8087   6151      1.64    -64.64     -1.23     60.06     0.404      1.21
 262   5999   8083     -7.63     94.39      9.04    -93.98     1.408      4.23
 263   8110   5980      2.51    -84.01     -1.83     80.11     0.681      2.04
 264   5980   8110     -1.83     80.11      2.51    -84.01     0.681      2.04
 265   8146   5753      0.00     -8.87     -0.00      2.96     0.004      0.01
 266   8167   8117      0.00      0.00      0.00     -5.16     0.001      0.00
 267   6042   8196      0.00     -6.82      0.00     -0.00     0.001      0.00
 268   8146   5738      0.00     -8.87     -0.00      2.96     0.004      0.01
 269   5753   8146     -0.00      2.96      0.00     -8.87     0.004      0.01
 270   5738   8146     -0.00      2.96      0.00     -8.87     0.004      0.01
 271   8169   7797     -0.00     -0.00      0.00     -5.57     0.001      0.00
 272   8147   6352      0.08     -6.01     -0.07      0.03     0.001      0.00
 273   6383   8178      0.00     -3.84     -0.00      0.00     0.001      0.00
 274   7988   8147     -0.00      6.01      0.01    -11.97     0.008      0.02
 275   8174   7740     -0.00     -0.00      0.00     -6.54     0.001      0.00
 276   7988   8147     -0.00      6.01      0.01    -11.97     0.008      0.02
 277   5917   8182      0.00     -7.61     -0.00     -0.00     0.001      0.00
 278   8195   8117      0.00      0.00      0.00     -5.16     0.001      0.00
 279   7723   6283     -1.23     29.40      1.34    -35.17     0.103      0.31
 280   8205   5783     16.91   -125.38    -13.78    131.54     3.126      9.38
 281   7714   7797     -0.91     -0.30      0.91     -5.27     0.001      0.00
 282   7697   7657     -2.21     27.11      2.32    -31.45     0.111      0.33
 283   7981   8110      4.77   -116.16     -3.33    114.88     1.436      4.31
 284   7653    546      0.03    -14.68     -0.01      9.85     0.018      0.06
 285   8004   7694      0.00     -7.56      0.00      0.00     0.001      0.00
 286   2824   7843      0.00     -0.00      0.00     -6.83     0.001      0.00
 287   7751   7745     -2.11     31.46      2.24    -36.46     0.129      0.39
 288   7973   7814     -0.11     -4.38      0.11     -3.17     0.000      0.00
 289   7711   7861     -0.05     17.16      0.11    -21.21     0.053      0.16
 290   8067   7679      0.86     44.70     -0.68    -51.60     0.187      0.56
 291   7737   7651     -3.39     99.90      4.55   -101.68     1.161      3.48
 292   8104   7691      0.64    -35.38     -0.54     29.36     0.100      0.30
 293   8055   8067      0.39     -0.91     -0.39     -6.64     0.001      0.00
 294   7692   7697      4.40    -77.90     -3.62     75.63     0.774      2.32
 295   8147   8146     -0.12     16.50      0.16    -22.32     0.038      0.11
 296   7956   7918      0.01    -11.51     -0.00      5.77     0.008      0.02
 297   7822   8019      0.00     -4.38      0.00      0.00     0.001      0.00
 298   8191    247      0.00     -4.99      0.00      0.00     0.001      0.00
 299   7716   7819     -1.92     73.59      2.55    -77.13     0.630      1.89
 300   7783   7935     -0.13     -6.99      0.13      0.08     0.001      0.00
 301    200   7962      3.55    -70.91     -2.98     67.51     0.567      1.70
 302   7662   7664     -0.27     34.66      0.39    -41.50     0.121      0.36
 303   7678   8137      0.46    -14.77     -0.44      9.10     0.015      0.05
 304   7782   8016     -6.14    189.03     10.03   -182.72     3.890     11.67
 305   7909   8137      0.15    -28.04     -0.08     22.56     0.068      0.20
 306   7952   8145      0.00     -7.62     -0.00     -0.00     0.001      0.00
 307   8207   7847    -14.54    135.11     17.82   -128.48     3.288      9.86
 308   7970   7787     -0.00      5.71      0.01    -11.37     0.008      0.02
 309   7761   8050      0.06    -24.64     -0.02     17.22     0.035      0.10
 310   7684   8140     -0.31     23.20      0.38    -28.88     0.069      0.21
 311   4963   7988      0.00     -0.00      0.00     -6.01     0.001      0.00
 312   8192   8125     -0.93     34.46      1.08    -39.49     0.150      0.45
 313   6343   7967      0.00     -5.63      0.00      0.00     0.001      0.00
 314   7950   7949     -0.00     -0.00      0.00     -7.13     0.001      0.00
 315   7811   7801      1.10    -66.69     -0.74     60.95     0.359      1.08
 316   7682   7761      0.33    -39.47     -0.22     32.36     0.104      0.31
 317   8061   7689     -0.07     -5.94      0.07     -0.03     0.001      0.00
 318   7653   2195      0.03    -14.68     -0.01      9.85     0.018      0.06
 319   7949   8175      0.00     -7.13     -0.00     -0.00     0.001      0.00
 320   8058   7752      0.77     -6.04     -0.77      0.59     0.001      0.00
 321   2359   7843      0.00     -0.00      0.00     -6.83     0.001      0.00
 322   8112   7981      4.33    -33.08     -4.22     28.06     0.107      0.32
 323   7827   7809      0.00      0.00      0.00     -6.15     0.001      0.00
 324   8074   8090      2.64    -64.89     -2.24     60.14     0.396      1.19
 325   7787   7791      0.01    -11.37     -0.00      5.71     0.008      0.02
 326   7737   7875     -0.38     -2.14      0.38     -3.31     0.000      0.00
 327   7809   8065     -2.49     95.85      3.44    -98.96     0.955      2.87
 328   7860   7787      0.00      0.00      0.00     -5.67     0.001      0.00
 329   8140   7678     -0.70     39.14      0.88    -44.35     0.182      0.55
 330   7684   8074      0.41     25.79     -0.32    -31.42     0.084      0.25
 331   7913   7996     -0.20     34.96      0.32    -42.40     0.116      0.35
 332   7677   7831     -0.08     45.04      0.28    -51.73     0.194      0.58
 333   8126   8090     -2.37     58.27      2.73    -63.35     0.362      1.08
 334    545   7708      0.00     -4.94      0.00     -0.00     0.001      0.00
 335   7782   7964     -1.95      4.83      1.96    -10.48     0.007      0.02
 336   7944   7946      0.00      0.00      0.00     -6.95     0.001      0.00
 337   7761   7814      0.11    -20.11     -0.09     12.66     0.021      0.06
 338   7993   7775     -0.13    -55.92      0.39     50.18     0.260      0.78
 339   7865   7939     -0.33     20.29      0.38    -25.54     0.058      0.17
 340   7677   7722      0.01    -14.74     -0.00      7.40     0.010      0.03
 341   8200   7886     -0.00      0.00      0.00     -7.55     0.001      0.00
 342   7752   7751      0.77     -0.59     -0.77     -4.86     0.001      0.00
 343   7831   7843     -0.22     94.71      1.03    -99.29     0.808      2.42
 344   8125   8181     -0.19    -27.76      0.26     22.51     0.070      0.21
 345   7684   8061     -0.06    -11.86      0.07      5.94     0.008      0.02
 346   7695   8090      0.61    -10.28     -0.60      4.26     0.005      0.02
 347   7829   7766    -16.90    169.49     21.88   -157.82     4.983     14.95
 348   7814   7761     -0.09     12.66      0.11    -20.11     0.021      0.06
 349   7814   8007      0.00     -7.55     -0.00      0.00     0.001      0.00
 350   7809   7723     -0.93      0.60      0.93     -6.74     0.001      0.00
 351   6352   7689      0.07     -0.03     -0.07     -5.95     0.001      0.00
 352    816   7918     -0.00     -0.00      0.00     -5.77     0.001      0.00
 353   7791   7921      0.00     -5.71     -0.00     -0.00     0.001      0.00
 354   8065   7737     -3.44     98.96      4.51   -101.36     1.074      3.22
 355   7993   8069     -1.30      6.54      1.30    -12.92     0.009      0.03
 356   7743   7924      1.41    -79.04     -0.88     74.04     0.533      1.60
 357   7886   8072     -0.40    -17.31      0.41      9.78     0.015      0.04
 358   7824   8137     -0.29     12.31      0.32    -18.00     0.024      0.07
 359   7798   7664     -0.61     13.61      0.64    -20.70     0.025      0.07
 360   7719   8070     -0.00     -0.00      0.00     -7.24     0.001      0.00
 361   8058   7745     -0.60     30.27      0.72    -35.30     0.120      0.36
 362   7944   7946      0.00      0.00      0.00     -6.95     0.001      0.00
 363   7822   7859      2.66    -39.44     -2.47     35.57     0.191      0.57
 364   6362   7983      0.00     -3.49      0.00     -3.49    -0.000      0.00
 365   7660   7905     -0.59     34.38      0.71    -41.44     0.117      0.35
 366   7677   7788      0.01    -14.74     -0.00      7.40     0.010      0.03
 367   7677   7831     -0.08     45.04      0.28    -51.73     0.194      0.58
 368   8119   7905      0.87    -48.19     -0.71     41.44     0.166      0.50
 369   7723   7809      0.93     -6.74     -0.93      0.60     0.001      0.00
 370   8104   7811      3.24   -124.55     -1.83    122.31     1.414      4.24
 371   8092   8093     -0.33      5.33      0.33    -10.93     0.007      0.02
 372   6343   6247     -0.33     -5.93      0.33      0.30     0.001      0.00
 373   7935   8131     -0.93     33.27      1.05    -39.78     0.117      0.35
 374   8104   7743      1.26    -61.30     -0.93     55.91     0.325      0.97
 375   7970   7921      0.00     -5.71     -0.00     -0.00     0.001      0.00
 376   7782   8123      4.97    -84.99     -4.26     81.31     0.715      2.15
 377   8123   8104      4.26    -81.31     -3.64     77.04     0.617      1.85
 378   7739   8119      1.26    -21.05     -1.24     13.99     0.026      0.08
 379   7829   7833     16.90   -169.49    -12.12    179.95     4.780     14.34
 380   7682   7761      0.33    -39.47     -0.22     32.36     0.104      0.31
 381   8117   8191     -2.18     45.80      2.45    -50.05     0.273      0.82
 382   7738   8176     -1.26     21.05      1.32    -27.97     0.051      0.15
 383   7939   7792      1.45    -46.44     -1.24     41.63     0.214      0.64
 384   7662   7682      0.27    -27.38     -0.23     20.21     0.047      0.14
 385   7806   7852     -0.99     33.59      1.13    -38.68     0.142      0.43
 386   8119   7664      0.56      6.37     -0.55    -13.51     0.008      0.02
 387   7764   7722      0.00      0.00      0.00     -7.40     0.001      0.00
 388   7987   8016     19.07   -253.32     -9.74    276.73     9.324     27.97
 389   7707   7723      3.00    -81.09     -2.38     76.97     0.627      1.88
 390   7729   7677     -0.04     22.46      0.09    -29.69     0.055      0.17
 391   7653   7741      1.53      7.06     -1.52    -11.87     0.011      0.03
 392   7660   8067      1.00    -26.42     -0.96     19.04     0.041      0.12
 393   8140   7894      1.36    -32.01     -1.27     26.39     0.087      0.26
 394   7806   8137      0.70    -44.69     -0.51     39.60     0.189      0.57
 395   7729   7732      0.04    -22.46     -0.01     15.06     0.028      0.08
 396   7809   7827      0.00     -6.15      0.00      0.00     0.001      0.00
 397   1648   7988      0.00     -0.00      0.00     -6.01     0.001      0.00
 398   7660   7761     -0.01     -8.87      0.02      1.39     0.002      0.01
 399   8131   8176      1.86    -68.68     -1.49     62.91     0.377      1.13
 400   8072   7952     -0.41     -9.78      0.42      2.18     0.003      0.01
 401   8058   7745     -0.60     30.27      0.72    -35.30     0.120      0.36
 402   8090   7695     -0.60      4.26      0.61    -10.28     0.005      0.02
 403   7670   7787     -0.53     -1.62      0.53     -4.05     0.000      0.00
 404   7956   7802     -0.00      5.75      0.01    -11.46     0.008      0.02
 405   8200   7886     -0.00      0.00      0.00     -7.55     0.001      0.00
 406   8131   8138     -0.58     58.32      0.91    -63.99     0.337      1.01
 407   7778   8032      0.00     -5.70      0.00      0.00     0.001      0.00
 408   7749   7875      0.39     -8.73     -0.38      3.31     0.004      0.01
 409   8070   7798     -0.00      7.24      0.01    -14.43     0.010      0.03
 410   8058   7753      0.00     -5.45     -0.00     -0.00     0.001      0.00
 411   7745   7757     -3.68    107.06      5.04   -108.13     1.357      4.07
 412   7664   7682      0.74    -65.02     -0.42     58.73     0.318      0.95
 413   7965   7749      0.14      3.25     -0.14     -8.67     0.004      0.01
 414   8027   1978    -19.34    249.71     29.34   -223.14     9.997     29.99
 415   8119   7976     -0.19     27.83      0.27    -34.70     0.083      0.25
 416   8065   7809      3.44    -98.96     -2.49     95.85     0.955      2.87
 417   7827   7809      0.00      0.00      0.00     -6.15     0.001      0.00
 418   8104   7811      3.24   -124.55     -1.83    122.31     1.414      4.24
 419   8016   7939      3.34    -99.34     -2.22     97.51     1.121      3.36
 420   7741   7857     -1.60     46.49      1.89    -50.34     0.297      0.89
 421   7707   7716     -3.00     81.09      3.73    -84.63     0.724      2.17
 422   7798   7803      0.26    -47.19     -0.10     40.39     0.158      0.48
 423   7878   7847    -13.49    120.63     16.16   -115.84     2.667      8.00
 424   7993   7831      4.23   -208.94     -0.27    214.01     3.958     11.87
 425   7697   7692     -3.62     75.63      4.40    -77.90     0.774      2.32
 426   7697   7657     -2.21     27.11      2.32    -31.45     0.111      0.33
 427   7964   7778     -0.24    -13.16      0.25      7.52     0.011      0.03
 428   7709   7994      0.00     -7.04      0.00      0.00     0.001      0.00
 429   7853   7678     -0.35     30.14      0.46    -35.55     0.113      0.34
 430   8126   7836      2.37    -58.27     -2.08     52.78     0.292      0.88
 431   2194   7708      0.00     -4.94     -0.00     -0.00     0.001      0.00
 432   2294   8027      0.00      0.00      0.00     -3.82     0.001      0.00
 433   7718   7712     -0.41     37.10      0.56    -43.44     0.144      0.43
 434   7773   7798      0.00      0.00      0.00     -7.20     0.001      0.00
 435   7864   8028      0.00     -0.00      0.00     -5.00     0.001      0.00
 436   7650   7786      0.00     -0.00      0.00     -4.19     0.001      0.00
 437   7836   8100      2.05    -73.71     -1.59     68.51     0.462      1.38
 438   7679   7831      0.68     51.60     -0.43    -58.13     0.249      0.75
 439   5762   5854    -11.20    215.66     17.16   -202.20     5.963     17.89
 440   7845   8090      1.69    -59.18     -1.37     54.20     0.325      0.98
 441   7901   8207    -11.41    140.79     14.54   -135.11     3.126      9.38
 442   8137   8140      0.38    -32.56     -0.29     27.06     0.092      0.28
 443   8146   8147      0.16    -22.32     -0.12     16.50     0.038      0.11
 444   7909   7796     -0.15     28.04      0.25    -33.32     0.101      0.30
 445   8138   8199     -0.91     63.99      1.33    -69.20     0.413      1.24
 446   7718   7712     -0.41     37.10      0.56    -43.44     0.144      0.43
 447   7964   7778     -0.24    -13.16      0.25      7.52     0.011      0.03
 448   8028   7741     -3.64     45.33      3.92    -49.42     0.276      0.83
 449   7692   7850     -9.26    155.62     12.62   -149.70     3.367     10.10
 450   7654   8083     10.35    -94.26     -8.78     95.47     1.568      4.70
 451   7709   7946     -1.15     21.18      1.20    -28.02     0.052      0.16
 452   7782   8076      0.10    -28.70     -0.02     23.18     0.071      0.21
 453   7833   2490      0.00     -4.18      0.00      0.00     0.001      0.00
 454   7822   7859      2.66    -39.44     -2.47     35.57     0.191      0.57
 455   7670   7787     -0.53     -1.62      0.53     -4.05     0.000      0.00
 456   7716   7714     -0.91     -5.86      0.91      0.30     0.001      0.00
 457   7964   7802      0.03    -17.08     -0.01     11.46     0.022      0.06
 458   7814   7973      0.11     -3.17     -0.11     -4.38     0.000      0.00
 459   7989   7901      7.14    -75.89     -6.23     74.80     0.904      2.71
 460   8176   7709     -1.14     -6.97      1.14     -0.05     0.001      0.00
 461   8028   8016      1.82    -10.16     -1.81      5.18     0.007      0.02
 462   7809   7740      2.59   -108.56     -1.51    105.47     1.086      3.26
 463   8146   7853     -0.27     24.52      0.35    -30.14     0.077      0.23
 464   7651   7697     -4.55    101.68      5.84   -102.74     1.283      3.85
 465   7796   7797      0.92    -13.56     -0.91      8.05     0.013      0.04
 466   8088   7778      0.51     -2.06     -0.51     -3.63     0.000      0.00
 467   8187   7878    -12.62    149.70     16.17   -142.72     3.547     10.64
 468   8119   8043      0.87    -48.19     -0.71     41.44     0.166      0.50
 469   7957   7935     -0.73     26.61      0.80    -33.35     0.078      0.23
 470   7664   7798      0.64    -20.70     -0.61     13.61     0.025      0.07
 471   8179   7993      0.69    -43.37     -0.54     37.48     0.155      0.46
 472   7964   7802      0.03    -17.08     -0.01     11.46     0.022      0.06
 473   7923   7942      0.53    -13.38     -0.51      7.75     0.012      0.04
 474   7790   7949      0.41    -32.53     -0.34     25.67     0.072      0.22
 475   7946   8100     -1.21     62.81      1.59    -68.51     0.379      1.14
 476   7798   7803      0.26    -47.19     -0.10     40.39     0.158      0.48
 477   3475   7872     -0.00      0.00      0.00     -5.83     0.001      0.00
 478   7670   7964      0.53      1.62     -0.53     -7.28     0.002      0.01
 479   8074   7751     -2.28    104.32      3.46   -106.40     1.185      3.55
 480   7741   8005      0.00     -4.83     -0.00     -0.00     0.001      0.00
 481   7732   8004      0.01    -15.06     -0.00      7.56     0.010      0.03
 482   7981   7943      2.40    -62.18     -2.01     57.87     0.395      1.18
 483   7803   7761      0.10    -40.39      0.01     33.29     0.110      0.33
 484   8187   7692     12.62   -149.70     -9.26    155.62     3.367     10.10
 485   7764   7788      0.00      0.00      0.00     -7.40     0.001      0.00
 486   8134   7684     -0.19    -14.33      0.20      8.46     0.013      0.04
 487   7949   8175      0.00     -7.13     -0.00     -0.00     0.001      0.00
 488   8043   7660      0.71    -41.44     -0.59     34.38     0.117      0.35
 489   7943   8110      2.01    -57.87     -1.68     53.14     0.325      0.98
 490   8119   7664      0.56      6.37     -0.55    -13.51     0.008      0.02
 491   8065   7737     -3.44     98.96      4.51   -101.36     1.074      3.22
 492   3227   8164     60.01   -386.93    -29.58    474.48    30.432     91.30
 493   7739   8176     -1.26     21.05      1.32    -27.97     0.051      0.15
 494   8117   8112      4.48    -37.86     -4.33     33.08     0.147      0.44
 495   7677   7729      0.09    -29.69     -0.04     22.46     0.055      0.17
 496   8140   7678     -0.70     39.14      0.88    -44.35     0.182      0.55
 497   7889   7796     -1.09     44.59      1.32    -49.49     0.237      0.71
 498   7818   7819      3.27    -80.12     -2.55     77.13     0.722      2.17
 499   7740   7712      0.75    -49.47     -0.56     43.44     0.196      0.59
 500   7950   7949     -0.00     -0.00      0.00     -7.13     0.001      0.00
 501   6174   5739     -0.03    -43.33      0.15     35.91     0.121      0.36
 502   7654   7847    -10.35     94.26     12.03    -92.38     1.681      5.04
 503   7819   7716      2.55    -77.13     -1.92     73.59     0.630      1.89
 504   7909   7796     -0.15     28.04      0.25    -33.32     0.101      0.30
 505   8022   7924     -0.62     47.57      0.85    -53.73     0.226      0.68
 506   3647   7927      0.00     -4.37      0.00      0.00     0.001      0.00
 507   7796   7852     -1.31     19.63      1.37    -24.96     0.055      0.16
 508   7670   7964      0.53      1.62     -0.53     -7.28     0.002      0.01
 509   7965   7735     -0.14     -3.25      0.14     -2.20     0.000      0.00
 510   7664   7801     -0.45     54.78      0.74    -60.95     0.286      0.86
 511   7872   8076     -0.00     11.66      0.02    -17.40     0.022      0.07
 512   7809   7903      4.22    -53.57     -3.97     48.08     0.250      0.75
 513   7803   7761      0.10    -40.39      0.01     33.29     0.110      0.33
 514   3701   7798      0.00      0.00      0.00     -7.20     0.001      0.00
 515   7694   8189      0.00      0.00      0.00     -7.56     0.001      0.00
 516   8117   8125      2.09    -72.60     -1.52     69.03     0.571      1.71
 517   8140   8146     -0.07    -21.31      0.10     15.54     0.035      0.10
 518   6247   8092     -0.33     -0.30      0.33     -5.33     0.001      0.00
 519   7845   7796     -1.78     87.44      2.62    -90.61     0.838      2.51
 520   7958   7957     -0.46     14.28      0.49    -21.26     0.027      0.08
 521   8014   7981     27.65   -341.18    -10.70    387.29    16.950     50.85
 522   7903   8069      1.33    -19.20     -1.30     12.92     0.025      0.07
 523   6141   8050     -0.01      1.04      0.01     -8.61     0.002      0.01
 524   7706   8164     -1.30     42.62      1.56    -46.41     0.260      0.78
 525   5989   7949     -0.43    -24.47      0.47     17.49     0.037      0.11
 526   8072   7952     -0.41     -9.78      0.42      2.18     0.003      0.01
 527   4011   7872     -0.00      0.00      0.00     -5.83     0.001      0.00
 528   7843   7993     -1.03    112.95      2.22   -116.01     1.190      3.57
 529   8028   8016      1.82    -10.16     -1.81      5.18     0.007      0.02
 530   8090   7845     -1.37     54.20      1.69    -59.18     0.325      0.98
 531   7957   7949      0.96    -31.95     -0.90     25.08     0.069      0.21
 532   8072   7886      0.41      9.78     -0.40    -17.31     0.015      0.04
 533   8014   4075    -27.65    341.18     45.01   -292.65    17.359     52.08
 534   8123   8104      4.26    -81.31     -3.64     77.04     0.617      1.85
 535   8117   8191     -2.18     45.80      2.45    -50.05     0.273      0.82
 536   7778   8098      0.00     -5.70      0.00      0.00     0.001      0.00
 537   7783   7935     -0.13     -6.99      0.13      0.08     0.001      0.00
 538   7878   7850     16.17   -142.72    -12.62    149.70     3.547     10.64
 539   7716   7714     -0.91     -5.86      0.91      0.30     0.001      0.00
 540   8055   7973     -0.39      0.91      0.39     -8.46     0.002      0.01
 541   8102   8074     -0.47     20.52      0.52    -26.22     0.056      0.17
 542   5927   8090      1.20    -28.36     -1.14     22.55     0.065      0.20
 543   8119   7738     -1.24     13.99      1.26    -21.05     0.026      0.08
 544   8027   8025      0.00     -3.82      0.00      0.00     0.001      0.00
 545   7796   7797      0.92    -13.56     -0.91      8.05     0.013      0.04
 546   7782   8123      4.97    -84.99     -4.26     81.31     0.715      2.15
 547   5736   7798     -0.00     14.53      0.03    -21.68     0.027      0.08
 548   7740   7712      0.75    -49.47     -0.56     43.44     0.196      0.59
 549   7809   7827      0.00     -6.15      0.00      0.00     0.001      0.00
 550   7909   8137      0.15    -28.04     -0.08     22.56     0.068      0.20
 551   7946   7983      0.00    -10.44      0.00      3.49     0.004      0.01
 552   7651   7697     -4.55    101.68      5.84   -102.74     1.283      3.85
 553   7814   6125     -0.04    -11.43      0.04      3.89     0.005      0.01
 554   8104   7981     -1.63    249.55      7.75   -237.01     6.121     18.36
 555   7796   7806     -0.27    -16.59      0.29     11.09     0.021      0.06
 556   7853   7678     -0.35     30.14      0.46    -35.55     0.113      0.34
 557   7979   7857     -0.87     24.25      0.96    -28.69     0.090      0.27
 558   6049   7913     -0.18     11.42      0.20    -19.25     0.018      0.05
 559   8090   7836      5.43   -117.51     -4.12    115.16     1.303      3.91
 560   7859   7657      2.47    -35.57     -2.32     31.45     0.149      0.45
 561   8134   8074      0.19     14.33     -0.16    -20.10     0.030      0.09
 562   8117   5762     -4.30    101.79      5.57   -102.96     1.269      3.81
 563   7779   8102     -0.00     -0.00      0.00     -5.91     0.001      0.00
 564   7853   8146      0.35    -30.14     -0.27     24.52     0.077      0.23
 565   7935   8131     -0.93     33.27      1.05    -39.78     0.117      0.35
 566   8154   7811     -0.15     20.77      0.20    -27.36     0.052      0.15
 567   7743   7691     -0.48     23.13      0.54    -29.36     0.064      0.19
 568   7935   7957      0.80    -33.35     -0.73     26.61     0.078      0.23
 569   8199   7723     -0.88     51.38      1.16    -56.77     0.282      0.85
 570   7741   7979     -0.81     19.64      0.87    -24.25     0.060      0.18
 571   7689   7684      0.15      8.90     -0.13    -14.81     0.014      0.04
 572   7695   7894     -1.22     20.57      1.27    -26.39     0.056      0.17
 573   7990   8067     -0.00     -0.00      0.00     -7.55     0.001      0.00
 574   7797   7714      0.91     -5.27     -0.91     -0.30     0.001      0.00
 575   7879   7878     16.16   -115.84    -13.49    120.63     2.667      8.00
                                                             --------  --------
                                                    Total:   336.640   1009.92
